Zti1D{1.000000}=zonotope([     0.05      0.05         0 
 0.0125914         0  0.461914 ]);
Zti1D{2.000000}=zonotope([     0.15      0.05         0 
 0.0744189         0  0.501821 ]);
Zti1D{3.000000}=zonotope([    0.25     0.05        0 
 0.183477        0 0.501962 ]);
Zti1D{4.000000}=zonotope([    0.35     0.05        0 
 0.323687        0 0.469998 ]);
Zti1D{5.000000}=zonotope([    0.45     0.05        0 
 0.480077        0 0.414163 ]);
Zti1D{6.000000}=zonotope([    0.55     0.05        0 
 0.639532        0 0.348779 ]);
Zti1D{7.000000}=zonotope([    0.65     0.05        0 
  0.79127        0 0.275598 ]);
Zti1D{8.000000}=zonotope([    0.75     0.05        0 
  0.92708        0 0.198923 ]);
Zti1D{9.000000}=zonotope([    0.85     0.05        0 
  1.04136        0 0.156163 ]);
Zti1D{10.000000}=zonotope([    0.95     0.05        0 
  1.13095        0 0.160013 ]);
Zti1D{11.000000}=zonotope([    1.05     0.05        0 
  1.19489        0 0.153045 ]);
Zti1D{12.000000}=zonotope([    1.15     0.05        0 
  1.23404        0 0.137644 ]);
Zti1D{13.000000}=zonotope([    1.25     0.05        0 
  1.25068        0 0.116419 ]);
Zti1D{14.000000}=zonotope([    1.35     0.05        0 
  1.24809        0 0.119387 ]);
Zti1D{15.000000}=zonotope([    1.45     0.05        0 
  1.23015        0 0.127648 ]);
Zti1D{16.000000}=zonotope([    1.55     0.05        0 
  1.20095        0 0.126161 ]);
Zti1D{17.000000}=zonotope([    1.65     0.05        0 
  1.16455        0 0.116902 ]);
Zti1D{18.000000}=zonotope([    1.75     0.05        0 
  1.12464        0 0.101961 ]);
Zti1D{19.000000}=zonotope([     1.85      0.05         0 
   1.08447         0 0.0852556 ]);
Zti1D{20.000000}=zonotope([     1.95      0.05         0 
   1.04665         0 0.0664819 ]);
Zti1D{21.000000}=zonotope([     2.05      0.05         0 
   1.01314         0 0.0470839 ]);
Zti1D{22.000000}=zonotope([    2.15     0.05        0 
 0.985259        0 0.039902 ]);
Zti1D{23.000000}=zonotope([     2.25      0.05         0 
  0.963695         0 0.0403768 ]);
Zti1D{24.000000}=zonotope([     2.35      0.05         0 
   0.94861         0 0.0382049 ]);
Zti1D{25.000000}=zonotope([     2.45      0.05         0 
  0.939719         0 0.0340128 ]);
Zti1D{26.000000}=zonotope([     2.55      0.05         0 
  0.936396         0 0.0284576 ]);
Zti1D{27.000000}=zonotope([     2.65      0.05         0 
   0.93778         0 0.0307594 ]);
Zti1D{28.000000}=zonotope([     2.75      0.05         0 
  0.942872         0 0.0323973 ]);
Zti1D{29.000000}=zonotope([     2.85      0.05         0 
  0.950634         0 0.0316508 ]);
Zti1D{30.000000}=zonotope([     2.95      0.05         0 
  0.960054         0 0.0290272 ]);
Zti1D{31.000000}=zonotope([     3.05      0.05         0 
   0.97021         0 0.0251137 ]);
Zti1D{32.000000}=zonotope([     3.15      0.05         0 
  0.980311         0 0.0207984 ]);
Zti1D{33.000000}=zonotope([     3.25      0.05         0 
  0.989722         0 0.0159951 ]);
Zti1D{34.000000}=zonotope([     3.35      0.05         0 
  0.997975         0 0.0110975 ]);
Zti1D{35.000000}=zonotope([     3.45      0.05         0 
   1.00477         0 0.0101736 ]);
Zti1D{36.000000}=zonotope([     3.55      0.05         0 
   1.00994         0 0.0101689 ]);
Zti1D{37.000000}=zonotope([      3.65       0.05          0 
    1.01348          0 0.00952084 ]);
Zti1D{38.000000}=zonotope([     3.75      0.05         0 
   1.01548         0 0.0083903 ]);
Zti1D{39.000000}=zonotope([      3.85       0.05          0 
     1.0161          0 0.00694263 ]);
Zti1D{40.000000}=zonotope([      3.95       0.05          0 
    1.01558          0 0.00790168 ]);
Zti1D{41.000000}=zonotope([      4.05       0.05          0 
    1.01416          0 0.00820504 ]);
Zti1D{42.000000}=zonotope([     4.15      0.05         0 
    1.0121         0 0.0079262 ]);
Zti1D{43.000000}=zonotope([      4.25       0.05          0 
    1.00968          0 0.00719523 ]);
Zti1D{44.000000}=zonotope([      4.35       0.05          0 
     1.0071          0 0.00618315 ]);
Zti1D{45.000000}=zonotope([      4.45       0.05          0 
    1.00456          0 0.00506334 ]);
Zti1D{46.000000}=zonotope([      4.55       0.05          0 
    1.00222          0 0.00383752 ]);
Zti1D{47.000000}=zonotope([      4.65       0.05          0 
    1.00019          0 0.00260339 ]);
Zti1D{48.000000}=zonotope([      4.75       0.05          0 
   0.998544          0 0.00258789 ]);
Zti1D{49.000000}=zonotope([      4.85       0.05          0 
   0.997306          0 0.00255633 ]);
Zti1D{50.000000}=zonotope([      4.95       0.05          0 
   0.996478          0 0.00236866 ]);
