Zti1D{1.000000}=zonotope([    0.05     0.05        0 
  2.28067        0 0.128363 ]);
Zti1D{2.000000}=zonotope([     0.15      0.05         0 
   2.08432         0 0.0958468 ]);
Zti1D{3.000000}=zonotope([     0.25      0.05         0 
   1.94457         0 0.0708558 ]);
Zti1D{4.000000}=zonotope([     0.35      0.05         0 
   1.84839         0 0.0515953 ]);
Zti1D{5.000000}=zonotope([     0.45      0.05         0 
   1.78595         0 0.0366469 ]);
Zti1D{6.000000}=zonotope([     0.55      0.05         0 
   1.74996         0 0.0249365 ]);
Zti1D{7.000000}=zonotope([     0.65      0.05         0 
   1.73494         0 0.0156501 ]);
Zti1D{8.000000}=zonotope([     0.75      0.05         0 
   1.73679         0 0.0176315 ]);
Zti1D{9.000000}=zonotope([     0.85      0.05         0 
    1.7524         0 0.0243136 ]);
Zti1D{10.000000}=zonotope([     0.95      0.05         0 
   1.77939         0 0.0299744 ]);
Zti1D{11.000000}=zonotope([     1.05      0.05         0 
   1.81591         0 0.0348251 ]);
Zti1D{12.000000}=zonotope([     1.15      0.05         0 
   1.86047         0 0.0390198 ]);
Zti1D{13.000000}=zonotope([    1.25     0.05        0 
  1.91191        0 0.042689 ]);
Zti1D{14.000000}=zonotope([     1.35      0.05         0 
   1.96925         0 0.0458962 ]);
Zti1D{15.000000}=zonotope([     1.45      0.05         0 
   2.03166         0 0.0487013 ]);
Zti1D{16.000000}=zonotope([     1.55      0.05         0 
   2.09844         0 0.0511486 ]);
Zti1D{17.000000}=zonotope([     1.65      0.05         0 
   2.16899         0 0.0532707 ]);
Zti1D{18.000000}=zonotope([     1.75      0.05         0 
   2.24273         0 0.0550918 ]);
Zti1D{19.000000}=zonotope([     1.85      0.05         0 
   2.31918         0 0.0567352 ]);
Zti1D{20.000000}=zonotope([     1.95      0.05         0 
   2.39787         0 0.0582583 ]);
Zti1D{21.000000}=zonotope([     2.05      0.05         0 
   2.47836         0 0.0595515 ]);
Zti1D{22.000000}=zonotope([     2.15      0.05         0 
   2.56025         0 0.0606099 ]);
Zti1D{23.000000}=zonotope([     2.25      0.05         0 
   2.64314         0 0.0614524 ]);
Zti1D{24.000000}=zonotope([     2.35      0.05         0 
   2.72667         0 0.0620747 ]);
Zti1D{25.000000}=zonotope([     2.45      0.05         0 
   2.81047         0 0.0624868 ]);
Zti1D{26.000000}=zonotope([     2.55      0.05         0 
   2.89421         0 0.0626958 ]);
Zti1D{27.000000}=zonotope([    2.65     0.05        0 
  2.97755        0 0.062709 ]);
Zti1D{28.000000}=zonotope([     2.75      0.05         0 
   3.06018         0 0.0625377 ]);
Zti1D{29.000000}=zonotope([     2.85      0.05         0 
    3.1418         0 0.0621763 ]);
Zti1D{30.000000}=zonotope([     2.95      0.05         0 
    3.2221         0 0.0616266 ]);
Zti1D{31.000000}=zonotope([     3.05      0.05         0 
   3.30081         0 0.0608901 ]);
Zti1D{32.000000}=zonotope([     3.15      0.05         0 
   3.37765         0 0.0599756 ]);
Zti1D{33.000000}=zonotope([     3.25      0.05         0 
   3.45237         0 0.0588874 ]);
Zti1D{34.000000}=zonotope([     3.35      0.05         0 
   3.52471         0 0.0576347 ]);
Zti1D{35.000000}=zonotope([     3.45      0.05         0 
   3.59445         0 0.0562713 ]);
Zti1D{36.000000}=zonotope([     3.55      0.05         0 
   3.66137         0 0.0548993 ]);
Zti1D{37.000000}=zonotope([     3.65      0.05         0 
   3.72524         0 0.0538293 ]);
Zti1D{38.000000}=zonotope([     3.75      0.05         0 
   3.78589         0 0.0526674 ]);
Zti1D{39.000000}=zonotope([     3.85      0.05         0 
   3.84312         0 0.0513927 ]);
Zti1D{40.000000}=zonotope([     3.95      0.05         0 
   3.89677         0 0.0500098 ]);
Zti1D{41.000000}=zonotope([     4.05      0.05         0 
    3.9467         0 0.0485406 ]);
Zti1D{42.000000}=zonotope([     4.15      0.05         0 
   3.99276         0 0.0469734 ]);
Zti1D{43.000000}=zonotope([     4.25      0.05         0 
   4.03483         0 0.0453145 ]);
Zti1D{44.000000}=zonotope([    4.35     0.05        0 
  4.07282        0 0.043582 ]);
Zti1D{45.000000}=zonotope([    4.45     0.05        0 
  4.10663        0 0.041772 ]);
Zti1D{46.000000}=zonotope([     4.55      0.05         0 
    4.1362         0 0.0398891 ]);
Zti1D{47.000000}=zonotope([     4.65      0.05         0 
   4.16147         0 0.0379504 ]);
Zti1D{48.000000}=zonotope([     4.75      0.05         0 
   4.18242         0 0.0359641 ]);
Zti1D{49.000000}=zonotope([     4.85      0.05         0 
   4.19902         0 0.0339299 ]);
Zti1D{50.000000}=zonotope([     4.95      0.05         0 
   4.21129         0 0.0318556 ]);
Zti1D{51.000000}=zonotope([     5.05      0.05         0 
   4.21923         0 0.0297523 ]);
Zti1D{52.000000}=zonotope([     5.15      0.05         0 
   4.22289         0 0.0276256 ]);
Zti1D{53.000000}=zonotope([     5.25      0.05         0 
   4.22231         0 0.0281705 ]);
Zti1D{54.000000}=zonotope([     5.35      0.05         0 
   4.21759         0 0.0301763 ]);
Zti1D{55.000000}=zonotope([     5.45      0.05         0 
   4.20879         0 0.0320918 ]);
Zti1D{56.000000}=zonotope([     5.55      0.05         0 
   4.19602         0 0.0340805 ]);
Zti1D{57.000000}=zonotope([     5.65      0.05         0 
   4.17942         0 0.0360631 ]);
Zti1D{58.000000}=zonotope([     5.75      0.05         0 
    4.1591         0 0.0379255 ]);
Zti1D{59.000000}=zonotope([     5.85      0.05         0 
   4.13522         0 0.0397288 ]);
Zti1D{60.000000}=zonotope([     5.95      0.05         0 
   4.10794         0 0.0414669 ]);
Zti1D{61.000000}=zonotope([     6.05      0.05         0 
   4.07743         0 0.0430634 ]);
Zti1D{62.000000}=zonotope([     6.15      0.05         0 
   4.04388         0 0.0445144 ]);
Zti1D{63.000000}=zonotope([     6.25      0.05         0 
   4.00748         0 0.0458105 ]);
Zti1D{64.000000}=zonotope([     6.35      0.05         0 
   3.96844         0 0.0469493 ]);
Zti1D{65.000000}=zonotope([     6.45      0.05         0 
   3.92695         0 0.0479275 ]);
Zti1D{66.000000}=zonotope([     6.55      0.05         0 
   3.88325         0 0.0487518 ]);
Zti1D{67.000000}=zonotope([     6.65      0.05         0 
   3.83754         0 0.0494215 ]);
Zti1D{68.000000}=zonotope([     6.75      0.05         0 
   3.79006         0 0.0499271 ]);
Zti1D{69.000000}=zonotope([   6.85    0.05       0 
 3.74102       0 0.05027 ]);
Zti1D{70.000000}=zonotope([     6.95      0.05         0 
   3.69066         0 0.0504523 ]);
Zti1D{71.000000}=zonotope([     7.05      0.05         0 
    3.6392         0 0.0504758 ]);
Zti1D{72.000000}=zonotope([     7.15      0.05         0 
   3.58686         0 0.0503437 ]);
Zti1D{73.000000}=zonotope([     7.25      0.05         0 
   3.53388         0 0.0500618 ]);
Zti1D{74.000000}=zonotope([     7.35      0.05         0 
   3.48045         0 0.0496362 ]);
Zti1D{75.000000}=zonotope([     7.45      0.05         0 
   3.42681         0 0.0490706 ]);
Zti1D{76.000000}=zonotope([     7.55      0.05         0 
   3.37315         0 0.0483721 ]);
Zti1D{77.000000}=zonotope([     7.65      0.05         0 
   3.31967         0 0.0475459 ]);
Zti1D{78.000000}=zonotope([     7.75      0.05         0 
   3.26657         0 0.0466067 ]);
Zti1D{79.000000}=zonotope([     7.85      0.05         0 
   3.21403         0 0.0455555 ]);
Zti1D{80.000000}=zonotope([     7.95      0.05         0 
   3.16221         0 0.0445834 ]);
Zti1D{81.000000}=zonotope([     8.05      0.05         0 
   3.11129         0 0.0435146 ]);
Zti1D{82.000000}=zonotope([     8.15      0.05         0 
   3.06142         0 0.0423541 ]);
Zti1D{83.000000}=zonotope([     8.25      0.05         0 
   3.01273         0 0.0411238 ]);
Zti1D{84.000000}=zonotope([     8.35      0.05         0 
   2.96537         0 0.0398107 ]);
Zti1D{85.000000}=zonotope([     8.45      0.05         0 
   2.91945         0 0.0384176 ]);
Zti1D{86.000000}=zonotope([     8.55      0.05         0 
   2.87508         0 0.0369547 ]);
Zti1D{87.000000}=zonotope([     8.65      0.05         0 
   2.83236         0 0.0354448 ]);
Zti1D{88.000000}=zonotope([     8.75      0.05         0 
   2.79138         0 0.0338817 ]);
Zti1D{89.000000}=zonotope([     8.85      0.05         0 
   2.75221         0 0.0322736 ]);
Zti1D{90.000000}=zonotope([     8.95      0.05         0 
   2.71492         0 0.0306281 ]);
Zti1D{91.000000}=zonotope([     9.05      0.05         0 
   2.67957         0 0.0289555 ]);
Zti1D{92.000000}=zonotope([     9.15      0.05         0 
    2.6462         0 0.0272661 ]);
Zti1D{93.000000}=zonotope([     9.25      0.05         0 
   2.61485         0 0.0255613 ]);
Zti1D{94.000000}=zonotope([     9.35      0.05         0 
   2.58554         0 0.0238508 ]);
Zti1D{95.000000}=zonotope([     9.45      0.05         0 
    2.5583         0 0.0221468 ]);
Zti1D{96.000000}=zonotope([     9.55      0.05         0 
   2.53314         0 0.0205293 ]);
Zti1D{97.000000}=zonotope([     9.65      0.05         0 
   2.51005         0 0.0189492 ]);
Zti1D{98.000000}=zonotope([     9.75      0.05         0 
   2.48904         0 0.0174069 ]);
Zti1D{99.000000}=zonotope([     9.85      0.05         0 
   2.47009         0 0.0159664 ]);
Zti1D{100.000000}=zonotope([     9.95      0.05         0 
    2.4532         0 0.0145719 ]);
Zti1D{101.000000}=zonotope([    10.05      0.05         0 
   2.43832         0 0.0132313 ]);
Zti1D{102.000000}=zonotope([    10.15      0.05         0 
   2.42544         0 0.0119384 ]);
Zti1D{103.000000}=zonotope([    10.25      0.05         0 
   2.41452         0 0.0106767 ]);
Zti1D{104.000000}=zonotope([     10.35       0.05          0 
    2.40553          0 0.00944634 ]);
Zti1D{105.000000}=zonotope([     10.45       0.05          0 
    2.39842          0 0.00853278 ]);
Zti1D{106.000000}=zonotope([     10.55       0.05          0 
    2.39314          0 0.00766755 ]);
Zti1D{107.000000}=zonotope([     10.65       0.05          0 
    2.38965          0 0.00683415 ]);
Zti1D{108.000000}=zonotope([     10.75       0.05          0 
    2.38789          0 0.00603236 ]);
Zti1D{109.000000}=zonotope([     10.85       0.05          0 
     2.3878          0 0.00599192 ]);
Zti1D{110.000000}=zonotope([     10.95       0.05          0 
    2.38932          0 0.00688561 ]);
Zti1D{111.000000}=zonotope([     11.05       0.05          0 
     2.3924          0 0.00780564 ]);
Zti1D{112.000000}=zonotope([     11.15       0.05          0 
    2.39696          0 0.00870057 ]);
Zti1D{113.000000}=zonotope([     11.25       0.05          0 
    2.40293          0 0.00959582 ]);
Zti1D{114.000000}=zonotope([    11.35      0.05         0 
   2.41026         0 0.0104529 ]);
Zti1D{115.000000}=zonotope([    11.45      0.05         0 
   2.41885         0 0.0112515 ]);
Zti1D{116.000000}=zonotope([   11.55     0.05        0 
  2.42865        0 0.011992 ]);
Zti1D{117.000000}=zonotope([    11.65      0.05         0 
   2.43957         0 0.0126716 ]);
Zti1D{118.000000}=zonotope([    11.75      0.05         0 
   2.45154         0 0.0132874 ]);
Zti1D{119.000000}=zonotope([    11.85      0.05         0 
   2.46448         0 0.0138439 ]);
Zti1D{120.000000}=zonotope([    11.95      0.05         0 
   2.47831         0 0.0143413 ]);
Zti1D{121.000000}=zonotope([    12.05      0.05         0 
   2.49296         0 0.0147717 ]);
Zti1D{122.000000}=zonotope([  12.15    0.05       0 
 2.50833       0 0.01515 ]);
Zti1D{123.000000}=zonotope([    12.25      0.05         0 
   2.52435         0 0.0155363 ]);
Zti1D{124.000000}=zonotope([    12.35      0.05         0 
   2.54094         0 0.0158677 ]);
Zti1D{125.000000}=zonotope([    12.45      0.05         0 
   2.55803         0 0.0161439 ]);
Zti1D{126.000000}=zonotope([    12.55      0.05         0 
   2.57551         0 0.0163716 ]);
Zti1D{127.000000}=zonotope([    12.65      0.05         0 
   2.59333         0 0.0165423 ]);
Zti1D{128.000000}=zonotope([    12.75      0.05         0 
    2.6114         0 0.0166495 ]);
Zti1D{129.000000}=zonotope([    12.85      0.05         0 
   2.62964         0 0.0167061 ]);
Zti1D{130.000000}=zonotope([   12.95     0.05        0 
  2.64797        0 0.016708 ]);
Zti1D{131.000000}=zonotope([    13.05      0.05         0 
   2.66633         0 0.0166477 ]);
Zti1D{132.000000}=zonotope([    13.15      0.05         0 
   2.68463         0 0.0165354 ]);
Zti1D{133.000000}=zonotope([   13.25     0.05        0 
  2.70281        0 0.016378 ]);
Zti1D{134.000000}=zonotope([    13.35      0.05         0 
   2.72079         0 0.0161654 ]);
Zti1D{135.000000}=zonotope([    13.45      0.05         0 
   2.73851         0 0.0158999 ]);
Zti1D{136.000000}=zonotope([    13.55      0.05         0 
   2.75591         0 0.0156023 ]);
Zti1D{137.000000}=zonotope([    13.65      0.05         0 
   2.77293         0 0.0152566 ]);
Zti1D{138.000000}=zonotope([    13.75      0.05         0 
    2.7895         0 0.0148647 ]);
Zti1D{139.000000}=zonotope([    13.85      0.05         0 
   2.80557         0 0.0144507 ]);
Zti1D{140.000000}=zonotope([    13.95      0.05         0 
   2.82109         0 0.0140378 ]);
Zti1D{141.000000}=zonotope([    14.05      0.05         0 
   2.83601         0 0.0135905 ]);
Zti1D{142.000000}=zonotope([    14.15      0.05         0 
   2.85029         0 0.0131204 ]);
Zti1D{143.000000}=zonotope([    14.25      0.05         0 
   2.86388         0 0.0126177 ]);
Zti1D{144.000000}=zonotope([    14.35      0.05         0 
   2.87675         0 0.0121312 ]);
Zti1D{145.000000}=zonotope([    14.45      0.05         0 
   2.88886         0 0.0116346 ]);
Zti1D{146.000000}=zonotope([    14.55      0.05         0 
   2.90018         0 0.0111308 ]);
Zti1D{147.000000}=zonotope([    14.65      0.05         0 
   2.91069         0 0.0106249 ]);
Zti1D{148.000000}=zonotope([    14.75      0.05         0 
   2.92036         0 0.0101086 ]);
Zti1D{149.000000}=zonotope([     14.85       0.05          0 
    2.92919          0 0.00959592 ]);
Zti1D{150.000000}=zonotope([     14.95       0.05          0 
    2.93714          0 0.00907576 ]);
Zti1D{151.000000}=zonotope([     15.05       0.05          0 
    2.94422          0 0.00854332 ]);
Zti1D{152.000000}=zonotope([     15.15       0.05          0 
    2.95041          0 0.00801889 ]);
Zti1D{153.000000}=zonotope([     15.25       0.05          0 
    2.95572          0 0.00760733 ]);
Zti1D{154.000000}=zonotope([     15.35       0.05          0 
    2.96014          0 0.00719249 ]);
Zti1D{155.000000}=zonotope([     15.45       0.05          0 
    2.96368          0 0.00677915 ]);
Zti1D{156.000000}=zonotope([     15.55       0.05          0 
    2.96635          0 0.00637114 ]);
Zti1D{157.000000}=zonotope([     15.65       0.05          0 
    2.96816          0 0.00596046 ]);
Zti1D{158.000000}=zonotope([     15.75       0.05          0 
    2.96913          0 0.00554641 ]);
Zti1D{159.000000}=zonotope([     15.85       0.05          0 
    2.96926          0 0.00540336 ]);
Zti1D{160.000000}=zonotope([     15.95       0.05          0 
    2.96859          0 0.00579223 ]);
Zti1D{161.000000}=zonotope([     16.05       0.05          0 
    2.96714          0 0.00622515 ]);
Zti1D{162.000000}=zonotope([     16.15       0.05          0 
    2.96494          0 0.00664205 ]);
Zti1D{163.000000}=zonotope([     16.25       0.05          0 
    2.96201          0 0.00704588 ]);
Zti1D{164.000000}=zonotope([     16.35       0.05          0 
    2.95838          0 0.00741806 ]);
Zti1D{165.000000}=zonotope([    16.45      0.05         0 
   2.95409         0 0.0077955 ]);
Zti1D{166.000000}=zonotope([     16.55       0.05          0 
    2.94918          0 0.00815392 ]);
Zti1D{167.000000}=zonotope([     16.65       0.05          0 
    2.94367          0 0.00847704 ]);
Zti1D{168.000000}=zonotope([     16.75       0.05          0 
    2.93762          0 0.00876372 ]);
Zti1D{169.000000}=zonotope([     16.85       0.05          0 
    2.93105          0 0.00901519 ]);
Zti1D{170.000000}=zonotope([    16.95      0.05         0 
   2.92401         0 0.0092314 ]);
Zti1D{171.000000}=zonotope([     17.05       0.05          0 
    2.91654          0 0.00942133 ]);
Zti1D{172.000000}=zonotope([    17.15      0.05         0 
   2.90869         0 0.0095722 ]);
Zti1D{173.000000}=zonotope([     17.25       0.05          0 
    2.90049          0 0.00968726 ]);
Zti1D{174.000000}=zonotope([     17.35       0.05          0 
    2.89198          0 0.00977733 ]);
Zti1D{175.000000}=zonotope([     17.45       0.05          0 
    2.88322          0 0.00983489 ]);
Zti1D{176.000000}=zonotope([     17.55       0.05          0 
    2.87424          0 0.00985906 ]);
Zti1D{177.000000}=zonotope([    17.65      0.05         0 
   2.86507         0 0.0098538 ]);
Zti1D{178.000000}=zonotope([     17.75       0.05          0 
    2.85578          0 0.00985207 ]);
Zti1D{179.000000}=zonotope([     17.85       0.05          0 
    2.84639          0 0.00983243 ]);
Zti1D{180.000000}=zonotope([     17.95       0.05          0 
    2.83694          0 0.00978078 ]);
Zti1D{181.000000}=zonotope([     18.05       0.05          0 
    2.82748          0 0.00969875 ]);
Zti1D{182.000000}=zonotope([     18.15       0.05          0 
    2.81804          0 0.00959318 ]);
Zti1D{183.000000}=zonotope([     18.25       0.05          0 
    2.80866          0 0.00947093 ]);
Zti1D{184.000000}=zonotope([     18.35       0.05          0 
    2.79937          0 0.00931794 ]);
Zti1D{185.000000}=zonotope([     18.45       0.05          0 
     2.7902          0 0.00914285 ]);
Zti1D{186.000000}=zonotope([     18.55       0.05          0 
     2.7812          0 0.00895234 ]);
Zti1D{187.000000}=zonotope([     18.65       0.05          0 
    2.77238          0 0.00873537 ]);
Zti1D{188.000000}=zonotope([     18.75       0.05          0 
    2.76378          0 0.00850732 ]);
Zti1D{189.000000}=zonotope([     18.85       0.05          0 
    2.75542          0 0.00826016 ]);
Zti1D{190.000000}=zonotope([     18.95       0.05          0 
    2.74733          0 0.00799723 ]);
Zti1D{191.000000}=zonotope([     19.05       0.05          0 
    2.73954          0 0.00772136 ]);
Zti1D{192.000000}=zonotope([     19.15       0.05          0 
    2.73205          0 0.00743664 ]);
Zti1D{193.000000}=zonotope([     19.25       0.05          0 
     2.7249          0 0.00713896 ]);
Zti1D{194.000000}=zonotope([     19.35       0.05          0 
     2.7181          0 0.00683663 ]);
Zti1D{195.000000}=zonotope([     19.45       0.05          0 
    2.71166          0 0.00654548 ]);
Zti1D{196.000000}=zonotope([     19.55       0.05          0 
     2.7056          0 0.00624629 ]);
Zti1D{197.000000}=zonotope([     19.65       0.05          0 
    2.69993          0 0.00594626 ]);
Zti1D{198.000000}=zonotope([     19.75       0.05          0 
    2.69466          0 0.00564735 ]);
Zti1D{199.000000}=zonotope([     19.85       0.05          0 
     2.6898          0 0.00535704 ]);
Zti1D{200.000000}=zonotope([     19.95       0.05          0 
    2.68535          0 0.00505969 ]);
